   /* (Size = 10um, half-divergence=45mrad, time sigma=10ps~0.012cm, dponp=0, E=160MeV) */
   1. 0.01 45. 0.01 45. 0.012 0. 565.75 /BEAM/ ;
   
   
   3. 0.11 ; (space between target and fisrt element)
   
   5. 0.15 -0.96704 15 /Q1C/ ;
   
   3. 0.15 ;
   
   
   -10.2 1. 1. 30. 0.01;
   5. 0.33 0.99 40 /Q2C/ ;
   -10.2 1. 1. 30. 0.01;
   
   3. 0.2 ; 
   
   -10.2 1. 1. 30. 0.01; 
   -10.2 3. 3. 40. 0.01; 
   
   5. 0.33 -0.583 40 /Q3C/ ;
   
   -10.2 3. 3. 40. 0.01;
   
   3. 0.3 ;
   
   5. 0.15 -0.1 30 /Q4C/ ;
   
   3. 0.2;
   
   3. 0.05 /BPM1/ ;
   
   3. 0.05 ;
   
   (slit 0.1 -.025 .025 aluminum ;  ) 
   3. 0.1  ;
   
   3. 0.05 ;
   
   10.2 1. 1. 5. 0.01;
   10.2 3. 3. 5. 0.01; 
   5.01 0.15 0.99 30 /Q4X/ ;
   
   3. 0.35 ; 
   
   3. 0.05 /BPM2/ ;
   
   3. 0.05 ;
   
   (slitY 0.1 -.025 .025 aluminum ;  ) 
   3. 0.1  ;
   
   3. 0.05 ;
   
   10.2 1. 1. 5. 0.01;
   10.2 3. 3. 5. 0.01;
   5.01 0.15 -0.74 30 /Q5Y/ ;
   
   
   
   3. 0.1 /GTR/;
   
   3. 0.15 ;
   
   
   
   3. 0.05 /BPM3/ ;
   
   3. 0.05 ;
   
   (slit 0.1 -.015 .015 lead ; /SLX/ ) 
   3. 0.1  ;
   
   3. 0.05 ;
   
   
