   
   16. 5. 20. ; (vertical aperture of solenoid and bending magnets)
   
   10.2 1. 1. 10. 0.01;
   10.2 3. 3. 10. 0.01;
   
   2. -15. ; (pole face)
   4. 0.83 1.8 0.5 /B11/ ;
   2. -15. ;
   
   3. 0.2 ;
   
   5. 0.15 -0.62 20 /Q1G/ ;
   
   3. 0.1;
   
   5. 0.15 0.53 20 /Q2G/ ;
   
   
   (slit 0.2 -.08 .08 tantalum ;  ) 
   3. 0.2 /SL1E/ ;
   10.2 1. 1. 3. 0.01;
   
   3. 0.2 ;
   
   5. 0.15 0.53 20 /Q2G/ ;
   
   3. 0.1;
   
   5. 0.15 -0.62 20 /Q1G/ ;
   
   3. 0.2 ;
   
   2. -15. ; (pole face)
   4. 0.83 1.8 0.5 /B12/ ;
   2. -15. ;
   
   3. 0.15 ;
   
   
   
   
   10. -1. 6. 0. 0.001; (no correlation between posX and E) 
   10. -2. 6. 0. 0.001; (no correlation between divX and E)
   
   
   
   5.01 0.15 -0.04968 20 /Q3G/ ; 
   3. 0.15 ;
   
   10.2 3. 3. 20. 0.01;
   2. -15. ; 
   4. 1.107 -1.8 0.5 /B2/ ;
   2. -15. ;
   
   10.2 1. 1. 20. 0.01;
   10.2 3. 3. 20. 0.01;
    
   3. 0.15 ;
   
   
   
   5. 0.15 0.5516 20 /Q4G/ ; 
   3. 0.15 ;
   
   
   10.2 3. 3. 20. 0.01;
   2. -15. ; (pole face)
   4. 1.107 -1.8 0.5 /B3/ ;
   2. -15. ;
   
   
   3. 0.15 ;
   
   5. 0.15 0.554 20 /Q5G/ ; 
   3. 0.15 ;
   
   
   2. -15. ; (pole face)
   4. 1.107 -1.8 0.553 /B4/ ;
   2. -15. ;
   
   -10.2 1. 1. 20. 0.01;
   -10.2 3. 3. 20. 0.01;
   
   
   10. -1. 6. 0. 0.001; (no correlation between posX and E) 
   10. -2. 6. 0. 0.001; (no correlation between divX and E)
   
   3. 1.51 ;
   
   3. 0.85 /ISO/;
   
   
   
