      /GTR B1G90 B2G90 B3G90/
   0 
   
   /*change units*/
   15. 1.0 /MM/ .1 ; (transverse dimensions in mm)
   15. 9 'T' 10; (fields in T)
   15. 11 'MEV' 0.001; (energy in MeV)
   16. 3. 1835 ; (proton mass/electron mass)
   
   /* Initial beam*/
   /* (Size = 10um, half-divergence=45mrad, time sigma=10ps~0.012cm, dponp=0, E=160MeV) */
   1. 0.01 45. 0.01 45. 0.012 0. 570.75 /BEAM/ ;
   
   
   3. 0.11 ; (space between target and fisrt element)
   
   5. 0.15 -0.96704 15 /Q1Q/ ;
   -8. 0.5 0. 0.5 0. 0. 0. 000;
   
   3. 0.15 ;
   
   
   5. 0.41 0.7477 40 /Q2Q/ ;
   10. 1. 1. 34.16 0.01;
   10. 3. 3. 21 0.01;
   
   
   3. 0.2 ; 
   
   
   
   5. 0.41 -0.4417 40 /Q3Q/ ;
   10. 1. 1. 8.84 0.01;
   10. 3. 3. 40.12 0.01;
   
   
   3. 0.7 ;
   
   
   5. 0.25 0.396 20 /Q4Q/ ;
   10. 1. 1. 11.13 0.01;
   10. 3. 3. 11.9 0.01;
   
   3. 0.15 ; 
   
   5. 0.25 -0.015 20 /Q5Q/ ;
   10. 1. 1. 10.36 0.01;
   10. 3. 3. 11.73 0.01;
   
   3. 1 /ESS/;
   
   
    3. 1 ;
   
   
   /* Gantry */
   
   16. 5. 20. ; (vertical aperture of solenoid and bending magnets)
   
  
   10. 1. 1. 7.98 0.01;
   10. 3. 3. 9.32 0.01;
   
   2. -15. ; (pole face)
   4. 1.9923 1.5 0. /B1/ ;
   2. -15. ;
   
   10. 1. 1. 3.64 0.01;
   10. 3. 3. 11.1 0.01;
   
   3. 0.2 ;
   
   
   
   3. 0.1 /SL1E/ ;
   10. 1. 1. 5.3 0.01;
   10. 3. 3. 12.13 0.01;
   
   3. 0.15
   
   -10.2 3. 3. 20. 0.01;
   2. -11. ; 
   4. 1.9923 -1.5 0. /B2/ ;
   2. -60. ;
   
   10. 1. 1. 8.21 0.01;
   10. 3. 3. 15.9 0.01;
    
   3. 0.3 ;
   
   5. 0.25 0.42 20 /Q1G/ ; (focus X)
   3. 0.15 ;
   5. 0.25 -0.28 20 /Q2G/ ; (focus Y)
   3. 0.0281;
   3. 0.05 /SL2E/ ;
   10. 1. 1. 0.92 0.01;
   10. 3. 3. 9.21 0.01;
   
   
   3. 0.1 ;
   5. 0.41 0.339 40 /Q3G/ ; (focus Y)
   
   3. 0.0;
   3. 0.15 ;
   
   
   10. 1. 1. 7.6 0.01;
   10. 3. 3. 6.46 0.01;
   
   2. -15. ; (pole face)
   4. 1.9923 -1.5 0. /B3/ ;
   2. -15. ;
   10. 1. 1. 10.71 0.01;
   10. 3. 3. 5.41 0.01;
   
   3. 1. ;
   
   3. 0.73 /ISO/;
   
   
   10. 1. 1. 4.25 0.01;
   10. 3. 3. 2.65 0.01;
   10. -1. 6. 0. 0.001; (no correlation between posX and E) 
   10. -2. 6. 0. 0.001; (no correlation between divX and E) 
   10. -3. 6. 0. 0.001; (no correlation between posY and E) 
   10. -4. 6. 0. 0.001; (no correlation between divY and E)
   
   3. 1.;
   
   10. 1. 1. 0.53 0.01;
   10. 3. 3. 1.09 0.01;
   
   
   
   SENTINEL
   /*PLOT*/
   -1
   SENTINEL
   SENTINEL
   
   
   
   